|0|1|2|3|4|5|6
0|0.0|1.7736628789473081|0.9603238937622731|1.1507358124835567|2.8332108894507684|1.9137423237154176|1.4400009832624803
1|1.7736628789473081|0.0|1.3356282572517006|2.8789071818243976|1.0680224306369357|2.8837568979732993|1.7157323042180004
2|0.9603238937622731|1.3356282572517006|0.0|1.7471226766495853|2.355595307708328|1.5726505635886157|0.5767513795946599
3|1.1507358124835567|2.8789071818243976|1.7471226766495853|0.0|3.94680876372313|1.5976033379671435|1.931083667244084
4|2.8332108894507684|1.0680224306369357|2.355595307708328|3.94680876372313|0.0|3.8375367236569122|2.6285657815858112
5|1.9137423237154176|2.8837568979732993|1.5726505635886157|1.5976033379671435|3.8375367236569122|0.0|1.212530884217581
6|1.4400009832624803|1.7157323042180004|0.5767513795946599|1.931083667244084|2.6285657815858112|1.212530884217581|0.0
